a 960 990 1
b 960 950 2
c 960 900 1
d 910 900 2
e 860 900 1
f 810 900 2
g 760 900 1
h 760 850 2
i 760 800 1
j 760 750 2
k 760 700 1
l 810 700 1
m 860 700 1
n 860 650 1
o 810 650 1
p 760 650 2
q 760 600 1
r 710 600 1
s 660 600 2
t 660 550 1
u 660 500 2
v 710 500 1
w 710 450 1
x 710 400 1
y 760 400 2
z 810 400 1
aa 860 400 1
ab 860 350 1
ac 810 350 1
ad 760 350 1
ae 760 300 1
af 710 300 2
ag 710 250 1
ah 710 200 2
ai 760 200 1
aj 810 200 2
ak 860 200 1
bb 910 200 1
al 960 200 2
am 960 150 1
an 960 100 1
ao 960 50 1
ap 1010 150 1
aq 1060 150 1
ar 1060 200 1
as 1110 200 1
at 1160 200 1
au 1160 250 2
av 1160 300 1
aw 1110 300 2
ax 1060 300 1
fo 1060 250 2
ay 1010 250 1
az 960 250 2
ba 910 250 1
bc 810 250 1
bd 760 250 2
be 860 250 2
bf 910 300 1
bg 910 300 1
bh 960 350 1
bi 1010 350 1
bj 1010 400 1
bk 1010 450 2
bl 1060 450 1
bm 1060 400 2
bn 1060 350 1
bo 1110 350 1
bp 1160 350 2
bq 1160 400 1
br 1160 450 1
bs 1210 450 2
bt 1210 500 1
bu 1210 550 1
bv 1160 550 1
bw 1110 550 1
bx 1110 600 1
by 1210 600 1
bz 1210 650 2
ca 1210 700 1
cb 1160 700 1
cc 1110 700 1
cd 1110 750 1
ce 1110 800 1
cf 1160 800 2
cg 1160 750 1
ch 1210 750 1
ci 1260 750 1
cj 1260 800 2
ck 1260 850 1
cl 1260 900 1
cm 1210 900 1
cn 1160 900 2
co 1110 900 1
cp 1060 900 2
cq 1010 900 1
cr 1010 850 1
cs 1010 800 1
ct 960 800 1
cu 910 800 2
fp 860 800 1
cv 860 850 1
cw 810 850 2
cx 810 800 1
cy 810 750 1
cz 860 750 1
da 910 750 1
db 790 800 2
dc 790 750 2
dd 810 600 1
de 810 550 1
df 760 550 1
dg 710 550 1
dh 860 600 2
di 910 600 1
dj 960 600 1
dk 910 550 2
dl 910 520 1
dm 860 520 1
dn 810 520 1
do 760 520 1
dp 760 490 2
dq 760 450 1
dr 810 450 1
ds 1110 850 1
dt 1160 850 1
du 1210 850 1
dv 1060 800 1
dw 1060 750 2
dx 1070 700 1
dy 1040 700 1
dz 1040 750 1
ea 1010 750 2
eb 960 750 1
ec 1010 700 1
ed 960 700 1
ee 960 650 2
ef 910 650 1
eg 1010 600 1
eh 0 0 1
ei 0 0 1
ej 0 0 1
ek 0 0 1
el 0 0 1
em 0 0 1
en 0 0 1
eo 0 0 1
ep 0 0 1
eq 880 400 1
er 910 400 2
es 910 350 1
et 860 300 2
eu 810 300 1
ev 960 400 1
ew 960 450 1
ex 0 0 1
ey 0 0 1
ez 0 0 1
fa 0 0 1
fb 0 0 1
fc 0 0 1
fd 0 0 1
fe 1110 500 1
ff 1060 500 1
fg 1010 500 1
fh 960 500 2
fi 910 450 1
fj 0 0 1
fk 0 0 1
fl 0 0 1
fm 1070 600 1
fn 1070 650 2